1589284919 2
1589285035 19169
1589469594 19852
1589470841 19893
1589726045 20288
1589763129 20313
1589892125 20555
1589893881 20560
1589987065 20749
1589988378 20750
1590049467 20813
1590152720 17123
1590169908 16934
1590170025 16934
1590170434 16934
1590496207 17386
1590497794 17390
1590594626 17841
1590634231 17854
1590893244 17865
1590914983 17865
1590924517 17865
1590924561 17883
1591006093 18199
1591019211 18228
1591058376 18261
1591060566 18266
1591063588 18266
1591064840 18283
1591065436 18293
1591243509 18281
1591243557 18291
1591494561 18291
1591494593 18449
1591582455 18449
1591587115 18450
1591699092 18450
1591799606 20543
1591800540 20543
1592292564 20168
1592412681 44044
1592424674 44026
1592563779 44049
1592837008 27199
1593180401 3579
1594009182 24926
1594064977 25037
1594079973 25037
1594133985 25033
1594853755 27464
1594857629 6445
1594875033 6445
1594879964 6748
1594880103 6748
1594901890 6831
1594903295 6853
1594905217 6858
1594906070 6873
1594916224 7088
1595349728 9300
1596006910 9206
1596007257 9210
1596007558 9158
1596014332 8998
1596270190 9090
1596270216 9110
1596271555 9039
1596572065 11414
1596572297 11437
1596572397 11437
1596572867 12005
1596581442 11934
1596581579 12031
1596581606 12063
1596585825 12067
1596658158 56785
1596658325 53041
1596678418 53050
1597018775 53054
1597258343 27256
1597355682 27253
1597355753 27253
1597365197 52648
1597365321 8999
1597365581 8998
1597365670 9006
1597366201 52698
1597810655 54140
1597929755 53832
1598135035 53927
1598170666 55838
1598171345 55839
1598176728 57304
1598334895 57324
1598346315 57404
1598363704 57580
1598379401 57566
1598433747 64300
1598662556 64300
1598842684 64331
1599042966 73321
1599043179 52646
1599046190 14125
1599046419 14134
1599050929 52681
1599051093 76456
1599051409 76482
1599051587 76482
1599051647 76481
1599051763 76511
1599057856 68800
1599057885 68800
1599058294 68818
1599090168 68051
1599093185 68061
1599093220 68063
1599093613 68022
1599103516 68024
1599118128 68025
1599119205 68356
1599119510 68400
1599119746 68412
1599134880 69582
1599138983 69582
1599550078 69551
1600826867 69551
1600838853 69552
1600842937 73351
1600891585 14017
1600909451 37757
